1606787         9.0          20201221 23:58:07
1606787         9.0          20201222 00:01:52
1606787         9.0          20201222 00:03:16
1606787         9.0          20201222 00:05:36
1606787         9.0          20201222 00:06:11
1606787         9.0          20201222 00:07:54
1606787         9.0          20201222 00:08:45
1606787         9.0          20201222 00:11:31
1606787         9.0          20201222 00:14:14
1606787         9.0          20201222 00:15:09
1606787         9.0          20201222 00:15:43
1606787         9.0          20201222 00:16:31
1606787         9.0          20201222 00:17:18
1606787         9.0          20201222 00:18:05
1606787         9.0          20201222 00:19:29
1606787         9.0          20201222 00:20:02
1606787         9.0          20201222 00:27:13
1606787         9.0          20201222 00:30:17
1606787         9.0          20201222 00:30:37
1606787         9.0          20201222 00:32:08
1606787         9.0          20201222 00:32:23
1606787         9.0          20201222 00:32:50
1606787         9.0          20201222 00:34:10
1606787         9.0          20201222 00:34:34
1606787         9.0          20201222 00:34:54
1606787         9.0          20201222 00:36:08
1606787         9.0          20201222 00:37:01
1606787         9.0          20201222 00:37:11
1606787         9.0          20201222 00:37:55
1606787         9.0          20201222 00:38:36
1606787         9.0          20201222 00:39:48
1606787         9.0          20201222 00:39:59
1606787         9.0          20201222 00:40:55
1606787         9.0          20201222 00:43:46
1606787         9.0          20201222 00:45:11
1606787         9.0          20201222 00:45:34
1606787         9.0          20201222 00:47:59
1606787         9.0          20201222 00:48:17
1606787         9.0          20201222 00:49:35
1606787         9.0          20201222 00:50:17
